5 CM		348
Test time!
348	0	0
348	0	0		
348	0	0
348	0	0
348	0	0
Test time!
350	0	0
347	0	0
347	0	0
348	0	0
348	0	0

10 CM		502
Test time!
502	0	0
502	0	0
502	0	0
502	0	0
503	0	0
Test time!
502	0	0
502	0	0
502	0	0
502	0	0
502	0	0

15 CM		560
Test time!
561	0	0
559	0	0
559	0	0
559	0	0
559	0	0
Test time!
565	0	0
560	0	0
560	0	0
585	0	0
560	0	0

20 CM		512
Test time!
512	0	0
512	0	0
512	0	0
512	0	0
513	0	0

28 CM		412
Test time!
412	0	0
412	0	0
412	0	0
412	0	0
412	0	0
Test time!
412	0	0
412	0	0
430	0	0
412	0	0
416	0	0

40 CM		303
Test time!
303	0	0
303	0	0
302	0	0
302	0	0
301	0	0
Test time!
308	0	0
307	0	0
305	0	0
304	0	0
303	0	0

60 CM		197
Test time!
197	0	0
198	0	0
197	0	0
197	0	0
197	0	0
Test time!
197	0	0
192	0	0
197	0	0
197	0	0
192	0	0

80 CM		~145
Test time!
145	0	0
158	0	0
145	0	0
145	0	0
138	0	0
Test time!
145	0	0
160	0	0
145	0	0
145	0	0
138	0	0

100 CM		121
Test time!
121	0	0
121	0	0
121	0	0
121	0	0
120	0	0

